2.048000E+1	1.192100E-7	2.180400E+1
2.048070E+1	1.788150E-7	0.000000E+0
2.048140E+1	1.192100E-7	2.180400E+1
2.048210E+1	1.788150E-7	0.000000E+0
2.048290E+1	1.788150E-7	0.000000E+0
2.048360E+1	1.788150E-7	-8.130000E+0
2.048430E+1	1.788150E-7	8.130000E+0
2.048500E+1	1.788150E-7	-8.130000E+0
2.048570E+1	2.384200E-7	-7.122000E+0
2.048640E+1	1.788150E-7	-8.130000E+0
2.048720E+1	2.384200E-7	0.000000E+0
2.048790E+1	2.980250E-7	6.342000E+0
2.048860E+1	2.980250E-7	1.252800E+1
2.048940E+1	2.980250E-7	-6.342000E+0
2.049010E+1	2.980250E-7	-6.342000E+0
2.049080E+1	2.980250E-7	0.000000E+0
2.049150E+1	2.980250E-7	-5.712000E+0
2.049220E+1	2.980250E-7	0.000000E+0
2.049290E+1	2.980250E-7	0.000000E+0
2.049370E+1	3.576300E-7	-5.196000E+0
2.049440E+1	2.980250E-7	-5.712000E+0
2.049510E+1	3.576300E-7	-5.196000E+0
2.049580E+1	3.576300E-7	4.764000E+0
2.049650E+1	3.576300E-7	-5.196000E+0
2.049730E+1	3.576300E-7	4.764000E+0
2.049800E+1	4.172340E-7	0.000000E+0
2.049870E+1	4.768410E-7	0.000000E+0
2.049940E+1	4.768410E-7	0.000000E+0
2.050010E+1	4.768410E-7	3.576000E+0
2.050090E+1	4.768410E-7	0.000000E+0
2.050160E+1	4.768410E-7	0.000000E+0
2.050230E+1	5.364450E-7	0.000000E+0
2.050300E+1	5.364450E-7	0.000000E+0
2.050380E+1	4.768410E-7	0.000000E+0
2.050450E+1	5.960500E-7	3.012000E+0
2.050520E+1	7.152590E-7	0.000000E+0
2.050590E+1	6.556550E-7	2.724000E+0
2.050660E+1	8.344690E-7	2.202000E+0
2.050730E+1	8.344690E-7	-6.582000E+0
2.050810E+1	8.940730E-7	-2.046000E+0
2.050880E+1	1.013290E-6	0.000000E+0
2.050950E+1	1.132500E-6	-1.686000E+0
2.051020E+1	1.132500E-6	1.638000E+0
2.051090E+1	1.251700E-6	0.000000E+0
2.051160E+1	1.311310E-6	0.000000E+0
2.051240E+1	1.430520E-6	2.604000E+0
2.051310E+1	1.490120E-6	0.000000E+0
2.051380E+1	1.430520E-6	1.272000E+0
2.051460E+1	1.549730E-6	-1.218000E+0
2.051530E+1	1.668940E-6	0.000000E+0
2.051600E+1	1.728540E-6	0.000000E+0
2.051670E+1	1.728540E-6	0.000000E+0
2.051740E+1	1.788150E-6	1.062000E+0
2.051810E+1	1.847750E-6	1.020000E+0
2.051890E+1	1.907360E-6	0.000000E+0
2.051960E+1	2.026570E-6	9.240000E-1
2.052030E+1	2.145780E-6	-1.764000E+0
2.052100E+1	2.264990E-6	0.000000E+0
2.052170E+1	2.384200E-6	0.000000E+0
2.052250E+1	2.563010E-6	1.470000E+0
2.052320E+1	2.682220E-6	-7.080000E-1
2.052390E+1	2.920640E-6	6.540000E-1
2.052460E+1	3.218670E-6	5.940000E-1
2.052530E+1	3.457080E-6	1.104000E+0
2.052610E+1	3.814730E-6	1.494000E+0
2.052680E+1	4.231960E-6	9.000000E-1
2.052750E+1	4.649190E-6	0.000000E+0
2.052820E+1	5.185630E-6	1.458000E+0
2.052900E+1	5.781680E-6	6.540000E-1
2.052970E+1	6.496940E-6	5.880000E-1
2.053040E+1	7.391010E-6	1.032000E+0
2.053110E+1	8.404310E-6	9.060000E-1
2.053180E+1	9.357990E-6	6.060000E-1
2.053250E+1	1.043090E-5	1.800000E-1
2.053330E+1	1.168260E-5	8.160000E-1
2.053400E+1	1.287470E-5	5.940000E-1
2.053470E+1	1.400710E-5	6.780000E-1
2.053540E+1	1.519920E-5	6.300000E-1
2.053610E+1	1.615300E-5	5.880000E-1
2.053680E+1	1.710660E-5	6.720000E-1
2.053760E+1	1.788150E-5	7.500000E-1
2.053830E+1	1.841800E-5	4.140000E-1
2.053900E+1	1.877560E-5	6.120000E-1
2.053980E+1	1.895440E-5	8.040000E-1
2.054050E+1	1.877560E-5	4.080000E-1
2.054120E+1	1.847760E-5	4.140000E-1
2.054190E+1	1.782190E-5	4.260000E-1
2.054260E+1	1.704700E-5	5.580000E-1
2.054340E+1	1.609340E-5	2.340000E-1
2.054410E+1	1.502040E-5	5.040000E-1
2.054480E+1	1.388790E-5	5.460000E-1
2.054550E+1	1.299390E-5	5.880000E-1
2.054620E+1	1.227860E-5	6.240000E-1
2.054690E+1	1.198060E-5	4.740000E-1
2.054770E+1	1.221900E-5	4.680000E-1
2.054840E+1	1.311310E-5	7.260000E-1
2.054910E+1	1.502040E-5	8.880000E-1
2.054980E+1	1.794110E-5	7.440000E-1
2.055050E+1	2.181540E-5	7.860000E-1
2.055130E+1	2.634540E-5	8.700000E-1
2.055200E+1	3.248480E-5	7.020000E-1
2.055270E+1	3.933930E-5	6.780000E-1
2.055340E+1	4.732630E-5	6.060000E-1
2.055420E+1	5.573060E-5	6.180000E-1
2.055490E+1	6.383700E-5	6.840000E-1
2.055560E+1	7.236050E-5	6.600000E-1
2.055630E+1	8.064560E-5	5.940000E-1
2.055700E+1	8.815570E-5	6.060000E-1
2.055770E+1	9.459300E-5	5.640000E-1
2.055850E+1	1.001360E-4	5.940000E-1
2.055920E+1	1.036530E-4	5.160000E-1
2.055990E+1	1.049050E-4	5.280000E-1
2.056060E+1	1.039510E-4	4.740000E-1
2.056130E+1	1.010900E-4	5.100000E-1
2.056200E+1	9.667920E-5	4.740000E-1
2.056280E+1	9.000350E-5	4.680000E-1
2.056350E+1	8.285090E-5	4.620000E-1
2.056420E+1	7.474470E-5	3.840000E-1
2.056500E+1	6.604240E-5	4.020000E-1
2.056570E+1	5.722070E-5	4.320000E-1
2.056640E+1	4.887600E-5	3.900000E-1
2.056710E+1	4.071020E-5	4.680000E-1
2.056780E+1	3.379610E-5	4.500000E-1
2.056860E+1	2.789510E-5	3.420000E-1
2.056930E+1	2.324590E-5	4.920000E-1
2.057000E+1	1.955040E-5	2.940000E-1
2.057070E+1	1.680860E-5	5.700000E-1
2.057140E+1	1.513960E-5	5.040000E-1
2.057210E+1	1.424560E-5	5.340000E-1
2.057290E+1	1.412640E-5	5.400000E-1
2.057360E+1	1.442440E-5	5.280000E-1
2.057430E+1	1.508000E-5	5.040000E-1
2.057500E+1	1.609340E-5	4.740000E-1
2.057570E+1	1.710660E-5	4.440000E-1
2.057650E+1	1.817950E-5	4.200000E-1
2.057720E+1	1.913320E-5	3.960000E-1
2.057790E+1	1.990810E-5	5.760000E-1
2.057860E+1	2.050410E-5	4.620000E-1
2.057940E+1	2.098100E-5	5.460000E-1
2.058010E+1	2.115980E-5	4.500000E-1
2.058080E+1	2.104060E-5	6.360000E-1
2.058150E+1	2.068290E-5	3.660000E-1
2.058220E+1	2.002730E-5	4.740000E-1
2.058290E+1	1.907360E-5	4.980000E-1
2.058370E+1	1.806030E-5	4.200000E-1
2.058440E+1	1.686820E-5	4.500000E-1
2.058510E+1	1.555690E-5	3.660000E-1
2.058580E+1	1.424560E-5	2.700000E-1
2.058650E+1	1.299390E-5	7.380000E-1
2.058720E+1	1.168260E-5	1.620000E-1
2.058800E+1	1.043090E-5	5.460000E-1
2.058870E+1	9.298380E-6	6.120000E-1
2.058940E+1	8.344710E-6	4.560000E-1
2.059020E+1	7.391010E-6	0.000000E+0
2.059090E+1	6.675750E-6	-2.820000E-1
2.059160E+1	6.020100E-6	3.180000E-1
2.059230E+1	5.424050E-6	1.056000E+0
2.059300E+1	4.887610E-6	3.840000E-1
2.059380E+1	4.470380E-6	4.260000E-1
2.059450E+1	4.112750E-6	4.620000E-1
2.059520E+1	3.814730E-6	4.920000E-1
2.059590E+1	3.576290E-6	-1.062000E+0
2.059660E+1	3.337870E-6	5.700000E-1
2.059730E+1	3.218670E-6	-5.940000E-1
2.059810E+1	2.980250E-6	0.000000E+0
2.059880E+1	2.920640E-6	1.950000E+0
2.059950E+1	2.682220E-6	0.000000E+0
2.060020E+1	2.563010E-6	0.000000E+0
2.060090E+1	2.443800E-6	7.740000E-1
2.060170E+1	2.324600E-6	0.000000E+0
2.060240E+1	2.264990E-6	8.280000E-1
2.060310E+1	2.145780E-6	8.820000E-1
2.060380E+1	2.026570E-6	9.240000E-1
2.060460E+1	1.966970E-6	0.000000E+0
2.060530E+1	1.907360E-6	0.000000E+0
2.060600E+1	1.847750E-6	1.020000E+0
2.060670E+1	1.788150E-6	0.000000E+0
2.060740E+1	1.728540E-6	2.160000E+0
2.060810E+1	1.609330E-6	0.000000E+0
2.060890E+1	1.490120E-6	-1.248000E+0
2.060960E+1	1.311310E-6	-1.398000E+0
2.061030E+1	1.311310E-6	0.000000E+0
2.061100E+1	1.251700E-6	0.000000E+0
2.061170E+1	1.132500E-6	1.686000E+0
2.061240E+1	1.013290E-6	0.000000E+0
2.061320E+1	8.940730E-7	0.000000E+0
2.061390E+1	8.344690E-7	4.398000E+0
2.061460E+1	7.748640E-7	-2.292000E+0
2.061540E+1	7.748640E-7	0.000000E+0
2.061610E+1	7.152590E-7	0.000000E+0
2.061680E+1	6.556550E-7	0.000000E+0
2.061750E+1	5.960500E-7	0.000000E+0
2.061820E+1	6.556550E-7	-2.862000E+0
2.061900E+1	5.960500E-7	-3.180000E+0
2.061970E+1	5.960500E-7	3.366000E+0
2.062040E+1	5.364450E-7	3.366000E+0
2.062110E+1	4.768410E-7	-1.062000E+1
2.062180E+1	4.768410E-7	7.122000E+0
2.062250E+1	4.768410E-7	0.000000E+0
2.062330E+1	4.172340E-7	0.000000E+0
2.062400E+1	4.172340E-7	4.086000E+0
2.062470E+1	3.576300E-7	5.196000E+0
2.062540E+1	3.576300E-7	4.764000E+0
2.062610E+1	3.576300E-7	0.000000E+0
2.062690E+1	3.576300E-7	0.000000E+0
2.062760E+1	3.576300E-7	0.000000E+0
2.062830E+1	2.980250E-7	0.000000E+0
2.062900E+1	3.576300E-7	4.764000E+0
2.062980E+1	3.576300E-7	0.000000E+0
2.063050E+1	2.384200E-7	0.000000E+0
2.063120E+1	2.980250E-7	0.000000E+0
2.063190E+1	2.980250E-7	0.000000E+0
2.063260E+1	3.576300E-7	0.000000E+0
2.063330E+1	2.384200E-7	-7.122000E+0
2.063410E+1	2.980250E-7	0.000000E+0
2.063480E+1	1.788150E-7	0.000000E+0
2.063550E+1	2.384200E-7	0.000000E+0
2.063620E+1	1.788150E-7	-8.130000E+0
2.063690E+1	1.788150E-7	8.130000E+0
2.063760E+1	1.788150E-7	-1.843200E+1
2.063840E+1	1.788150E-7	1.594800E+1
2.063910E+1	1.788150E-7	0.000000E+0
2.063980E+1	1.788150E-7	0.000000E+0
2.064060E+1	1.788150E-7	9.462000E+0
2.064130E+1	1.788150E-7	-9.462000E+0
2.064200E+1	1.192100E-7	0.000000E+0
2.064270E+1	1.788150E-7	-1.843200E+1
2.064340E+1	1.788150E-7	-9.462000E+0
2.064410E+1	1.192100E-7	0.000000E+0
2.064490E+1	1.192100E-7	1.131000E+1
2.064560E+1	1.788150E-7	-9.462000E+0
2.064630E+1	1.788150E-7	-9.462000E+0
2.064700E+1	1.192100E-7	1.403400E+1
2.064770E+1	1.192100E-7	-1.131000E+1
2.064850E+1	1.192100E-7	-3.096600E+1
2.064920E+1	1.192100E-7	0.000000E+0
2.064990E+1	1.192100E-7	1.131000E+1
2.065060E+1	1.788150E-7	0.000000E+0
2.065130E+1	1.192100E-7	-1.403400E+1
2.065210E+1	1.192100E-7	0.000000E+0
2.065280E+1	1.192100E-7	0.000000E+0
2.065350E+1	1.192100E-7	-1.131000E+1
2.065420E+1	1.788150E-7	-1.843200E+1
2.065500E+1	1.192100E-7	0.000000E+0
2.065570E+1	5.960510E-8	0.000000E+0
2.065640E+1	1.192100E-7	0.000000E+0
2.065710E+1	1.788150E-7	0.000000E+0
2.065780E+1	5.960510E-8	-1.843200E+1
2.065850E+1	1.192100E-7	0.000000E+0
2.065930E+1	1.192100E-7	-1.403400E+1
2.066000E+1	5.960510E-8	3.369000E+1
